0,9 -> 5,9
8,0 -> 0,8
9,4 -> 3,4
2,2 -> 2,1
7,0 -> 7,4
6,4 -> 2,0
0,9 -> 2,9
3,4 -> 1,4
0,0 -> 8,8
5,5 -> 8,2
9999999999999999,9999999999999998 -> 9999999999999999,9999999999999999
9999999999999998,9999999999999998 -> 9999999999999999,9999999999999999
-9999999999999999,-9999999999999998 -> -9999999999999999,-9999999999999999
-9999999999999998,-9999999999999998 -> -9999999999999999,-9999999999999999
1337133713371337133713371337133713371337133713371337133713371337133713371337133713371337,1337133713371337133713371337133713371337133713371337133713371337133713371337133713371336 -> 1337133713371337133713371337133713371337133713371337133713371337133713371337133713371337,1337133713371337133713371337133713371337133713371337133713371337133713371337133713371337
1337133713371337133713371337133713371337133713371337133713371337133713371337133713371336,1337133713371337133713371337133713371337133713371337133713371337133713371337133713371336 -> 1337133713371337133713371337133713371337133713371337133713371337133713371337133713371337,1337133713371337133713371337133713371337133713371337133713371337133713371337133713371337
100,100 -> 12345678901234567890123456789012345678901234567890,12345678901234567890123456789012345678901234567890
200,150 -> 200,300
200,145 -> 200,305
150,200 -> 300,200
300,100 -> 100,300
12345678901234567890123056789012345678901234567890,12345678901234567890123056789012345678901234567890 -> 12345678901234567890123456789012345678901234567890,12345678901234567890123456789012345678901234567890